220,712
414,712
115,451,712
145,712
171,344
788,93
415,712
142,344
253,712
412,344,848,460
442,712
143,344
148,460
25,93
418,460
440,460
521,750,451,460,848
119,712
149,460
175,712
53,344
419,344
146,460
176,460
50,712
472,712
527,460,344
634,460,344
715,712
147,712
173,712
51,712
635,712
174,344,460
28,712
444,460
662,460,458
743,712
179,460
29,344
363,344
55,712,460
83,712
390,93
902,344
56,344
369,712
54,344,460
395,342,344
528,460
639,890,344
178,344,460
259,712
366,344
396,460
474,460,344
100,712
59,93,458
367,712,185
393,460
475,344
556,712
101,192
693,460
855,712
962,712
87,712
57,848
669,712
1027,712
1028,712
696,344
397,344
105,712
131,460
697,460
909,712
479,712
132,451
749,712
695,460
210,344
883,712
108,712
211,712
135,951
216,460
11,712
136,460
698,712
217,344
163,458,460
887,712
406,93
432,888
160,712
215,712
433,712
540,344
139,460
161,93,458
15,712
404,344
460,539,537,412,355,113,413,535,78,57,111,681,467,647,55,74,169,56,223,75,940,54,532,505,167,463,4,222,427,51,129,460,544,123,420,542,611,835,29,663,924,37,38,270,478,662,738,1038,207,32,208,495,178,474,493,848,176,473,439,174,204,528,171,471,436,407,200,527,524,98,853,96,132,45,521,698,699,909,92,41,697,334,216,389,147,711,444,904,300,637,634,142,385,902,608,382,418,419
541,344
730,712,344
16,344
409,344
512,712
355,460
436,344
701,712
194,712
219,712
14,460
326,712
41,712
407,344,460,451
437,712
463,460
544,712
138,712
353,460
383,889
434,93
545,460
46,712
542,460
812,712
47,712,460
74,460,106
462,712,344
705,460
44,344,461
467,344
548,712
570,712
709,712
198,712
45,344,460
519,458
169,344
439,460,93
495,712
683,712
846,344
77,712
385,460,344
492,712
873,712
78,344
980,712
493,460
574,460
200,460,712
76,712
1041,344
499,460
577,460
795,712
984,712
578,712
123,460,344
204,460
766,712
847,847
500,712
420,460,344
126,712
207,712
689,93
208,344
30,712
205,712
31,712
423,712
505,848,344,460
531,712
151,712
181,712
206,344,460
262,93
879,712
343,712
450,712
502,712
532,460
152,712
2,712
421,712
422,712
158,460
209,460
265,344
910,712
508,712
535,344
616,712
129,460
5,712
32,712
454,712
182,344
6,712
374,460
506,460
563,460
614,712
183,93
345,712
37,344
60,344
426,712
452,712
507,460
533,712
4,469
38,460
453,460
534,460
480,712
458,25,848,390,519,59,355,161,788,488
92,712
377,93
189,460
9,712
566,712
348,712
267,712
1005,712
378,344
537,460
538,460
91,344
376,712
68,460
565,460
96,344
97,344,460
66,712
94,712
67,712
568,407
95,460
140,460
569,890
488,458,93
787,712
141,714
111,460,344
112,712
98,460
